503 59 3456 6408 1 
632 65 1339 7348 1 
540 68 3533 6552 2 
677 67 2678 6808 2 
674 68 1063 6813 2 
659 67 4718 7856 1 
508 66 7086 8240 0 
514 66 3508 8584 0 
615 87 2077 7128 0 
589 80 1915 7115 0 
636 160 5432 7173 0 
553 78 3900 7853 0 
620 39 2461 6848 0 
627 64 6638 8000 0 
597 107 3884 7710 0 
673 69 1376 8309 0 
614 62 1716 7420 0 
700 73 3937 7672 0 
532 86 3575 8902 0 
608 54 5964 8176 0 
629 76 1200 6912 0 
522 65 5506 8400 0 
681 90 5954 7212 0 
621 65 2775 7694 0 
617 70 3912 7196 0 
599 68 4062 6664 0 
618 83 1681 8336 0 
643 45 2320 8768 0 
507 58 3339 8316 0 
637 125 1359 7154 0 
851 60 7015 8624 2 
799 71 1938 7392 2 
769 75 5648 7600 1 
848 31 6733 9422 1 
772 69 6309 8501 1 
870 62 3505 8168 2 
897 67 3850 7064 0 
723 61 2650 7232 0 
759 47 6075 8208 0 
908 61 4824 7717 0 
755 65 1791 6824 0 
853 69 1166 9268 0 
834 70 1450 6068 0 
831 68 6400 8228 0 
754 70 5433 7388 0 
742 68 7531 11152 0 
814 60 2880 7176 0 
907 71 3278 7136 0 
830 72 3234 8573 0 
782 67 1134 7432 0 
778 152 3191 7529 0 
724 73 2083 6344 0 
720 66 2424 7372 0 
884 72 8455 10423 0 
823 76 3720 6128 0 
896 74 6315 8740 0 
722 66 4051 6716 0 
856 53 6588 8776 0 
820 66 5147 6960 0 
758 71 3320 9016 0 
535 68 4467 7192 1 
564 65 3351 7544 1 
538 63 2974 7587 2 
591 69 6258 7366 2 
605 72 6175 7204 1 
596 68 5015 8491 2 
513 51 5552 10045 0 
649 66 3911 7132 0 
685 66 2197 7752 0 
557 66 3869 6624 0 
644 74 6167 7300 0 
566 156 3695 6744 0 
678 65 5575 7920 0 
638 66 1204 6812 0 
554 76 6000 7720 0 
689 69 4763 8812 0 
556 66 3611 8716 0 
578 51 5594 6732 0 
515 47 3449 7683 0 
693 65 1953 8580 0 
653 66 2760 6971 0 
509 67 4384 7716 0 
699 94 4127 7748 0 
691 85 4959 7568 0 
640 115 3507 7064 0 
524 94 3520 7308 0 
529 54 2947 8144 0 
542 63 3955 7856 0 
580 77 2973 6128 0 
541 67 3300 6932 0 
732 71 4581 7428 2 
816 67 1990 7522 1 
879 71 4615 10156 1 
770 84 6917 8604 1 
766 69 4831 9480 2 
730 61 5775 9316 2 
800 77 2699 5534 0 
872 63 8023 9900 0 
878 55 6411 8860 0 
746 61 5318 8716 0 
845 79 4953 9536 0 
804 70 2041 6136 0 
718 71 1798 7132 0 
738 72 4500 6908 0 
783 74 2152 6297 0 
733 69 6197 9136 0 
838 50 4349 5668 0 
826 150 2682 7368 0 
790 36 4112 7756 0 
773 149 7412 10064 0 
860 63 1384 8283 0 
894 65 3174 7640 0 
824 66 1968 8027 0 
728 65 3285 6517 0 
903 71 6549 8257 0 
741 58 2458 6509 0 
749 159 5194 6263 0 
739 45 4386 7337 0 
798 83 2669 6836 0 
869 66 6404 9012 0 
