152 75 1936 4336 1 
122 61 1968 4283 1 
047 55 1009 3972 1 
046 88 1453 3903 2 
018 58 2085 5006 2 
086 53 3004 4667 2 
157 57 681 4655 0 
195 91 3791 5740 0 
051 58 1727 4221 0 
006 99 3085 5082 0 
142 67 588 4155 0 
170 57 2479 3329 0 
049 55 2553 4607 0 
050 7 2393 4484 0 
102 50 1506 3422 0 
160 48 751 3684 0 
166 57 541 3363 0 
090 55 2576 3510 0 
043 62 1290 4159 0 
095 39 1385 4996 0 
113 52 893 4148 0 
175 58 1827 4828 0 
151 56 779 4208 0 
148 58 2835 5142 0 
145 49 1893 4120 0 
027 61 3306 4663 0 
134 66 2376 4536 0 
044 55 2135 5093 0 
196 84 1503 5055 0 
028 59 2072 4109 0 
252 53 2409 4176 1 
212 39 1599 4141 2 
237 46 2892 4500 2 
318 57 707 4220 1 
291 58 3743 5102 2 
357 55 3628 5196 2 
221 49 3012 4457 0 
244 58 2503 3843 0 
406 61 844 4955 0 
333 75 2466 3813 0 
260 58 2312 4595 0 
339 24 689 3985 0 
305 40 786 3364 0 
376 58 2355 4082 0 
364 55 599 3299 0 
329 15 1613 3658 0 
401 55 2564 4022 0 
321 65 1099 4604 0 
307 68 2307 3684 0 
390 37 720 3826 0 
277 61 1042 4620 0 
281 90 1365 5126 0 
247 58 1656 4231 0 
363 57 1706 3977 0 
267 39 2974 4462 0 
387 55 3490 5153 0 
389 59 2935 4948 0 
235 60 2541 4324 0 
294 49 2039 3526 0 
343 49 2560 3752 0 
161 50 1054 4640 0 
058 55 3222 5203 1 
168 14 3250 4415 1 
179 75 2107 4584 1 
060 54 1882 4661 2 
165 96 2952 4358 2 
082 54 2525 4362 2 
059 59 1791 4036 0 
106 67 2851 4183 0 
123 59 616 3241 0 
076 38 2286 3963 0 
156 49 3555 4771 0 
147 33 2769 5061 0 
182 58 2243 4252 0 
180 57 2427 4667 0 
085 58 3389 4215 0 
201 19 2662 5001 0 
197 58 1549 3870 0 
133 62 2463 3654 0 
093 6 2560 4094 0 
100 58 1306 4217 0 
017 63 2348 4567 0 
131 59 3457 4944 0 
065 50 2408 4547 0 
125 55 994 4414 0 
188 64 1542 4276 0 
083 48 2292 3508 0 
023 70 882 3780 0 
176 67 2845 4645 0 
052 58 1789 5302 0 
337 54 2104 3445 1 
286 55 2951 5111 2 
371 94 3056 4758 2 
341 66 1203 3877 2 
284 49 2059 4510 1 
293 56 3522 4831 1 
354 94 3021 4447 0 
380 31 2415 3912 0 
392 100 1960 4035 0 
296 59 2521 3884 0 
268 68 1261 2860 0 
265 49 2342 4083 0 
263 29 3134 4764 0 
289 45 1213 4460 0 
248 26 2986 3936 0 
253 55 2792 4492 0 
404 38 895 4134 0 
405 58 3664 5472 0 
227 58 2122 3588 0 
336 70 1250 3764 0 
243 57 2434 3716 0 
271 59 2844 4273 0 
335 57 813 3058 0 
303 54 1789 3216 0 
398 60 1147 5406 0 
208 19 3115 4971 0 
287 56 2800 4401 0 
402 56 1438 4368 0 
322 54 578 3682 0 
225 28 3097 5094 0 
