516 73 5484 9112 2 
650 82 2280 7552 2 
561 64 5588 7308 1 
663 88 3380 6048 1 
654 335 1412 9612 1 
672 69 1846 7544 2 
568 34 4523 8932 0 
694 57 2571 8256 0 
574 67 2675 8264 0 
571 70 4677 7012 0 
667 87 1792 6444 0 
594 59 2032 8436 0 
611 57 5541 6304 0 
616 69 5168 7560 0 
502 68 1966 7788 0 
671 69 2350 6744 0 
577 62 5513 8180 0 
592 70 1895 7672 0 
525 69 4665 7056 0 
562 70 5354 8568 0 
539 92 5350 8104 0 
581 73 5704 7728 0 
504 67 2801 7324 0 
530 78 3684 8364 0 
610 30 2848 7736 0 
683 77 1407 7020 0 
531 64 6070 7356 0 
635 69 2289 6792 0 
501 58 4231 7948 0 
505 64 5540 7608 0 
788 68 4228 8308 2 
750 69 4549 6216 1 
775 103 7075 8146 1 
729 77 3555 6256 2 
855 78 5838 8964 1 
882 22 1737 7851 0 
867 69 7544 10012 0 
785 64 3541 7152 0 
865 56 1717 8038 0 
858 78 1562 9866 0 
756 75 5461 9084 0 
859 20 2874 6729 0 
883 67 7256 9604 0 
886 69 4298 6273 0 
710 70 4095 7484 0 
774 79 6017 8799 0 
776 59 6739 8817 0 
893 58 3938 6672 0 
891 60 3973 9604 0 
846 72 5867 8368 0 
740 75 3150 5660 0 
707 68 4681 6936 0 
828 99 3144 7734 0 
745 67 4437 6376 0 
874 54 1407 8088 0 
827 91 2786 7495 0 
888 109 6150 8261 0 
806 159 2291 7695 0 
825 77 2581 5581 0 
717 68 4959 7271 0 
503 59 3456 6408 1 
632 65 1339 7348 1 
540 68 3533 6552 2 
677 67 2678 6808 2 
674 68 1063 6813 2 
659 67 4718 7856 1 
508 66 7086 8240 0 
514 66 3508 8584 0 
615 87 2077 7128 0 
589 80 1915 7115 0 
636 160 5432 7173 0 
553 78 3900 7853 0 
620 39 2461 6848 0 
627 64 6638 8000 0 
597 107 3884 7710 0 
673 69 1376 8309 0 
614 62 1716 7420 0 
700 73 3937 7672 0 
532 86 3575 8902 0 
608 54 5964 8176 0 
629 76 1200 6912 0 
522 65 5506 8400 0 
681 90 5954 7212 0 
621 65 2775 7694 0 
617 70 3912 7196 0 
599 68 4062 6664 0 
618 83 1681 8336 0 
643 45 2320 8768 0 
507 58 3339 8316 0 
637 125 1359 7154 0 
851 60 7015 8624 2 
799 71 1938 7392 2 
769 75 5648 7600 1 
848 31 6733 9422 1 
772 69 6309 8501 1 
870 62 3505 8168 2 
897 67 3850 7064 0 
723 61 2650 7232 0 
759 47 6075 8208 0 
908 61 4824 7717 0 
755 65 1791 6824 0 
853 69 1166 9268 0 
834 70 1450 6068 0 
831 68 6400 8228 0 
754 70 5433 7388 0 
742 68 7531 11152 0 
814 60 2880 7176 0 
907 71 3278 7136 0 
830 72 3234 8573 0 
782 67 1134 7432 0 
778 152 3191 7529 0 
724 73 2083 6344 0 
720 66 2424 7372 0 
884 72 8455 10423 0 
823 76 3720 6128 0 
896 74 6315 8740 0 
722 66 4051 6716 0 
856 53 6588 8776 0 
820 66 5147 6960 0 
758 71 3320 9016 0 
