161 50 1054 4640 0 
058 55 3222 5203 1 
168 14 3250 4415 1 
179 75 2107 4584 1 
060 54 1882 4661 2 
165 96 2952 4358 2 
082 54 2525 4362 2 
059 59 1791 4036 0 
106 67 2851 4183 0 
123 59 616 3241 0 
076 38 2286 3963 0 
156 49 3555 4771 0 
147 33 2769 5061 0 
182 58 2243 4252 0 
180 57 2427 4667 0 
085 58 3389 4215 0 
201 19 2662 5001 0 
197 58 1549 3870 0 
133 62 2463 3654 0 
093 6 2560 4094 0 
100 58 1306 4217 0 
017 63 2348 4567 0 
131 59 3457 4944 0 
065 50 2408 4547 0 
125 55 994 4414 0 
188 64 1542 4276 0 
083 48 2292 3508 0 
023 70 882 3780 0 
176 67 2845 4645 0 
052 58 1789 5302 0 
337 54 2104 3445 1 
286 55 2951 5111 2 
371 94 3056 4758 2 
341 66 1203 3877 2 
284 49 2059 4510 1 
293 56 3522 4831 1 
354 94 3021 4447 0 
380 31 2415 3912 0 
392 100 1960 4035 0 
296 59 2521 3884 0 
268 68 1261 2860 0 
265 49 2342 4083 0 
263 29 3134 4764 0 
289 45 1213 4460 0 
248 26 2986 3936 0 
253 55 2792 4492 0 
404 38 895 4134 0 
405 58 3664 5472 0 
227 58 2122 3588 0 
336 70 1250 3764 0 
243 57 2434 3716 0 
271 59 2844 4273 0 
335 57 813 3058 0 
303 54 1789 3216 0 
398 60 1147 5406 0 
208 19 3115 4971 0 
287 56 2800 4401 0 
402 56 1438 4368 0 
322 54 578 3682 0 
225 28 3097 5094 0 
012 105 1372 4567 1 
128 48 2672 3559 1 
192 61 1340 4604 2 
075 60 2978 5802 2 
070 6 1240 5565 2 
067 72 1565 4199 1 
098 58 2584 4077 0 
109 7 1204 3752 0 
069 64 2197 3175 0 
203 57 3196 4741 0 
021 74 2732 4595 0 
198 42 1621 3988 0 
204 70 1408 4047 0 
037 63 2508 4567 0 
010 65 1312 4138 0 
079 65 2205 4281 0 
088 56 1429 4254 0 
186 46 2878 3967 0 
130 59 1996 4474 0 
124 58 2674 3827 0 
119 64 1086 4204 0 
202 58 2321 3644 0 
158 47 695 4170 0 
036 61 3014 4455 0 
033 58 1699 3798 0 
190 59 871 4237 0 
048 60 1574 4122 0 
063 63 1789 3946 0 
162 10 583 3796 0 
184 59 1626 4139 0 
213 58 1600 3178 2 
315 15 2093 4992 2 
342 56 2276 3845 1 
236 58 3026 4028 1 
319 32 907 3585 1 
297 53 2181 4472 0 
317 66 1411 3324 0 
280 62 1535 4252 0 
368 56 2197 4613 0 
347 71 4072 5988 0 
366 57 2412 4331 0 
352 53 2318 3863 0 
279 55 1251 5021 0 
206 77 1003 3683 0 
262 14 872 3892 0 
350 21 3306 5124 0 
302 64 2066 3524 0 
295 50 2182 3734 0 
226 53 1224 2914 0 
385 59 2149 4601 0 
261 54 1858 4306 0 
214 124 1949 4358 0 
399 52 3810 5366 0 
292 58 2910 4518 0 
361 55 3148 4916 0 
313 58 2934 4193 0 
344 54 3377 5967 0 
264 66 1270 3307 0 
251 43 948 3797 0 
310 63 1122 3604 0 
