016 63 3094 4763 2 
150 66 877 3876 2 
061 56 2897 3887 1 
163 65 2036 3642 1 
154 18 885 4862 1 
172 13 1287 4522 2 
068 60 2791 5004 0 
194 57 1647 4836 0 
074 53 1921 5213 0 
071 53 1780 3511 0 
167 27 935 3814 0 
094 58 1046 4532 0 
111 52 2226 3481 0 
116 56 2405 4524 0 
002 49 783 4622 0 
171 57 658 3519 0 
077 56 2157 3812 0 
092 52 1009 3756 0 
025 89 2037 3824 0 
062 61 2331 4289 0 
039 74 2728 4867 0 
081 67 2784 4722 0 
004 55 1681 3888 0 
030 84 1558 5462 0 
110 49 1390 3935 0 
183 11 931 4140 0 
031 53 1039 4118 0 
135 65 788 3919 0 
001 57 2142 4915 0 
005 134 2577 4275 0 
288 53 2620 5122 2 
250 47 2011 3785 1 
275 54 3190 4140 1 
229 56 1329 3139 2 
355 50 3199 4780 1 
382 100 822 4496 2 
367 49 3603 5225 0 
285 58 1222 3610 0 
365 56 658 4300 0 
358 499 756 5881 0 
256 39 2726 4668 0 
359 58 1485 3702 0 
383 55 3566 4782 0 
386 46 1601 3094 0 
210 48 1838 3932 0 
274 66 3333 4941 0 
276 46 3380 4886 0 
393 49 2112 3953 0 
391 59 1697 5733 0 
346 59 2575 4284 0 
240 23 1679 2914 0 
207 53 2409 3981 0 
328 19 1637 4283 0 
245 98 2333 3650 0 
374 50 758 4243 0 
327 16 1501 3868 0 
388 56 3274 4420 0 
306 55 1493 4425 0 
325 55 1344 2847 0 
217 55 2819 4052 0 
003 61 1466 3594 1 
132 57 700 4128 1 
040 51 1597 3826 2 
177 57 1000 3284 2 
174 55 745 3269 2 
159 66 2389 3828 1
008 66 3778 4870 0 
014 75 1565 4331 0 
115 56 1151 4021 0 
089 59 1259 3740 0 
136 62 2459 4367 0 
053 59 1577 4889 0 
120 58 1273 3977 0 
127 63 3165 4094 0 
097 58 2241 5032 0 
173 57 850 4574 0 
114 12 984 4092 0 
200 56 2305 4562 0 
032 61 1771 4636 0 
108 45 3368 4535 0 
129 15 621 3548 0 
022 59 2970 5273 0 
181 13 2364 3482 0 
121 54 1517 4886 0 
117 59 1923 4047 0 
099 48 1705 4036 0 
118 59 1000 4827 0 
143 27 1541 5132 0 
007 79 1627 4937 0 
137 9 599 3792 0 
351 24 2830 4532 2 
299 56 783 3692 2 
269 143 2965 4312 1 
348 66 3568 4993 1 
272 153 2773 4040 1 
370 22 2683 5218 2 
397 66 1570 3651 0 
223 54 685 3988 0 
259 68 2573 3836 0 
408 48 2362 4097 0 
255 59 1113 3969 0 
353 70 800 4921 0 
334 57 809 3422 0 
331 55 3232 4488 0 
254 69 3098 4510 0 
242 53 4228 5930 0 
314 62 1055 4044 0 
407 64 927 4577 0 
330 60 2186 4307 0 
282 57 1010 4180 0 
278 19 1705 4377 0 
224 16 687 3135 0 
220 26 1124 3580 0 
384 56 3911 5453 0 
323 62 1530 2884 0 
396 58 2952 4172 0 
222 20 1718 3988 0 
356 102 3306 4657 0 
320 52 2111 4081 0 
258 76 1377 4743 0 
