512 72 2795 7656 1 
628 56 5365 6868 1 
692 60 1856 8650 2 
575 55 5694 9080 2 
570 62 2294 9440 2 
567 40 2884 6504 1 
598 68 6259 7564 0 
609 77 2470 7740 0 
569 65 5164 5672 0 
703 59 6018 8948 0 
521 70 5368 7956 0 
698 66 2715 7288 0 
704 73 3636 8066 0 
537 78 4358 8232 0 
510 57 2585 7968 0 
579 59 4059 6720 0 
588 65 3470 10045 0 
686 69 5468 8090 0 
630 43 3965 8245 0 
624 75 5385 7112 0 
619 60 1359 7976 0 
702 66 5547 7708 0 
658 20 1490 7316 0 
536 67 5854 8454 0 
533 66 4484 6968 0 
690 73 1659 7759 0 
548 64 3392 7544 0 
563 79 3779 6608 0 
662 63 1441 8097 0 
684 55 2763 7100 0 
713 50 3317 6124 2 
815 74 4298 8552 2 
842 69 4535 7329 1 
736 70 5873 7773 1 
819 96 2161 6916 1 
797 70 3954 6948 0 
817 59 3396 6568 0 
780 70 3555 8820 0 
868 29 3928 8492 0 
847 52 7269 10668 0 
866 70 5182 8461 0 
852 75 6017 8308 0 
779 89 1999 8415 0 
706 67 2458 6309 0 
762 85 1561 7583 0 
850 53 7015 9236 0 
802 73 4215 6606 0 
795 65 4657 6976 0 
726 69 3031 5936 0 
885 64 4496 7496 0 
761 155 3860 8048 0 
714 70 4369 7576 0 
899 89 7698 9477 0 
792 58 5755 7354 0 
861 67 5430 8336 0 
813 68 5050 6893 0 
844 76 6659 9842 0 
764 77 3447 6821 0 
751 75 1236 7046 0 
810 64 3393 7312 0 
652 24 3979 7372 1 
622 59 4984 7436 1 
547 63 1630 6472 1 
546 69 3383 6980 2 
518 52 3538 7774 2 
586 65 5631 7880 1 
657 62 1310 7728 0 
695 72 7754 10161 0 
551 76 3102 6924 0 
506 91 5907 8876 0 
642 46 1386 7140 0 
670 89 4944 6165 0 
549 65 5142 8250 0 
550 68 4933 7804 0 
602 69 3834 7227 0 
660 67 2258 6720 0 
666 80 2254 6472 0 
590 66 5358 6620 0 
543 73 3153 7088 0 
595 67 3105 7896 0 
613 62 1474 8640 0 
675 72 4244 8219 0 
651 68 1559 7058 0 
648 58 5124 8736 0 
645 85 3737 7240 0 
527 66 5606 8112 0 
634 70 5483 8529 0 
544 69 3193 8583 0 
696 70 2643 7846 0 
528 103 3644 6712 0 
752 69 5135 7829 1 
712 73 4038 6821 1 
737 54 5078 7712 1 
818 54 1630 7576 1 
791 71 7115 9332 2 
857 65 7066 9782 2 
721 78 5711 7360 0 
744 70 5679 6840 0 
906 77 2279 8350 0 
833 57 5486 6760 0 
760 67 5141 9320 0 
839 23 1802 6928 0 
805 77 2180 5776 0 
876 69 4025 7292 0 
864 68 2164 6624 0 
829 68 3589 6076 0 
901 71 5682 8064 0 
821 76 1512 7934 0 
807 68 4600 6496 0 
890 68 2024 6932 0 
777 46 2402 7840 0 
781 62 1596 8369 0 
747 65 3320 7100 0 
863 69 3229 8357 0 
767 70 5943 8320 0 
887 74 7009 8837 0 
889 98 5399 7508 0 
735 64 5295 8500 0 
794 72 4521 6128 0 
843 79 5599 6522 0 
