535 68 4467 7192 1 
564 65 3351 7544 1 
538 63 2974 7587 2 
591 69 6258 7366 2 
605 72 6175 7204 1 
596 68 5015 8491 2 
513 51 5552 10045 0 
649 66 3911 7132 0 
685 66 2197 7752 0 
557 66 3869 6624 0 
644 74 6167 7300 0 
566 156 3695 6744 0 
678 65 5575 7920 0 
638 66 1204 6812 0 
554 76 6000 7720 0 
689 69 4763 8812 0 
556 66 3611 8716 0 
578 51 5594 6732 0 
515 47 3449 7683 0 
693 65 1953 8580 0 
653 66 2760 6971 0 
509 67 4384 7716 0 
699 94 4127 7748 0 
691 85 4959 7568 0 
640 115 3507 7064 0 
524 94 3520 7308 0 
529 54 2947 8144 0 
542 63 3955 7856 0 
580 77 2973 6128 0 
541 67 3300 6932 0 
732 71 4581 7428 2 
816 67 1990 7522 1 
879 71 4615 10156 1 
770 84 6917 8604 1 
766 69 4831 9480 2 
730 61 5775 9316 2 
800 77 2699 5534 0 
872 63 8023 9900 0 
878 55 6411 8860 0 
746 61 5318 8716 0 
845 79 4953 9536 0 
804 70 2041 6136 0 
718 71 1798 7132 0 
738 72 4500 6908 0 
783 74 2152 6297 0 
733 69 6197 9136 0 
838 50 4349 5668 0 
826 150 2682 7368 0 
790 36 4112 7756 0 
773 149 7412 10064 0 
860 63 1384 8283 0 
894 65 3174 7640 0 
824 66 1968 8027 0 
728 65 3285 6517 0 
903 71 6549 8257 0 
741 58 2458 6509 0 
749 159 5194 6263 0 
739 45 4386 7337 0 
798 83 2669 6836 0 
869 66 6404 9012 0 
516 73 5484 9112 2 
650 82 2280 7552 2 
561 64 5588 7308 1 
663 88 3380 6048 1 
654 335 1412 9612 1 
672 69 1846 7544 2 
568 34 4523 8932 0 
694 57 2571 8256 0 
574 67 2675 8264 0 
571 70 4677 7012 0 
667 87 1792 6444 0 
594 59 2032 8436 0 
611 57 5541 6304 0 
616 69 5168 7560 0 
502 68 1966 7788 0 
671 69 2350 6744 0 
577 62 5513 8180 0 
592 70 1895 7672 0 
525 69 4665 7056 0 
562 70 5354 8568 0 
539 92 5350 8104 0 
581 73 5704 7728 0 
504 67 2801 7324 0 
530 78 3684 8364 0 
610 30 2848 7736 0 
683 77 1407 7020 0 
531 64 6070 7356 0 
635 69 2289 6792 0 
501 58 4231 7948 0 
505 64 5540 7608 0 
788 68 4228 8308 2 
750 69 4549 6216 1 
775 103 7075 8146 1 
729 77 3555 6256 2 
855 78 5838 8964 1 
882 22 1737 7851 0 
867 69 7544 10012 0 
785 64 3541 7152 0 
865 56 1717 8038 0 
858 78 1562 9866 0 
756 75 5461 9084 0 
859 20 2874 6729 0 
883 67 7256 9604 0 
886 69 4298 6273 0 
710 70 4095 7484 0 
774 79 6017 8799 0 
776 59 6739 8817 0 
893 58 3938 6672 0 
891 60 3973 9604 0 
846 72 5867 8368 0 
740 75 3150 5660 0 
707 68 4681 6936 0 
828 99 3144 7734 0 
745 67 4437 6376 0 
874 54 1407 8088 0 
827 91 2786 7495 0 
888 109 6150 8261 0 
806 159 2291 7695 0 
825 77 2581 5581 0 
717 68 4959 7271 0 
