003 61 1466 3594 1 
132 57 700 4128 1 
040 51 1597 3826 2 
177 57 1000 3284 2 
174 55 745 3269 2 
159 66 2389 3828 1 
008 66 3778 4870 0 
014 75 1565 4331 0 
115 56 1151 4021 0 
089 59 1259 3740 0 
136 62 2459 4367 0 
053 59 1577 4889 0 
120 58 1273 3977 0 
127 63 3165 4094 0 
097 58 2241 5032 0 
173 57 850 4574 0 
114 12 984 4092 0 
200 56 2305 4562 0 
032 61 1771 4636 0 
108 45 3368 4535 0 
129 15 621 3548 0 
022 59 2970 5273 0 
181 13 2364 3482 0 
121 54 1517 4886 0 
117 59 1923 4047 0 
099 48 1705 4036 0 
118 59 1000 4827 0 
143 27 1541 5132 0 
007 79 1627 4937 0 
137 9 599 3792 0 
351 24 2830 4532 2 
299 56 783 3692 2 
269 143 2965 4312 1 
348 66 3568 4993 1 
272 153 2773 4040 1 
370 22 2683 5218 2 
397 66 1570 3651 0 
223 54 685 3988 0 
259 68 2573 3836 0 
408 48 2362 4097 0 
255 59 1113 3969 0 
353 70 800 4921 0 
334 57 809 3422 0 
331 55 3232 4488 0 
254 69 3098 4510 0 
242 53 4228 5930 0 
314 62 1055 4044 0 
407 64 927 4577 0 
330 60 2186 4307 0 
282 57 1010 4180 0 
278 19 1705 4377 0 
224 16 687 3135 0 
220 26 1124 3580 0 
384 56 3911 5453 0 
323 62 1530 2884 0 
396 58 2952 4172 0 
222 20 1718 3988 0 
356 102 3306 4657 0 
320 52 2111 4081 0 
258 76 1377 4743 0 
035 75 2161 4437 1 
064 56 1942 3889 1 
038 54 1652 4174 2 
091 45 3196 4108 2 
105 67 3143 3993 1 
096 46 2834 4772 2 
013 74 2854 5624 0 
149 57 2035 4266 0 
185 49 1107 4159 0 
057 56 1738 4076 0 
144 59 2765 3867 0 
066 57 1548 4166 0 
178 92 2603 4269 0 
138 56 730 4140 0 
054 61 2631 4117 0 
189 56 2961 5613 0 
056 60 1861 5132 0 
078 48 2603 3615 0 
015 76 1615 4107 0 
193 26 623 5309 0 
153 60 1912 4026 0 
009 56 2396 4490 0 
199 58 1930 4204 0 
191 59 2198 3753 0 
140 57 1406 4084 0 
024 105 1755 4015 0 
029 62 1860 4597 0 
042 58 2179 4211 0 
080 56 1027 3130 0 
041 66 1542 3924 0 
232 58 2223 4316 2 
316 58 750 4330 1 
379 56 2082 5139 1 
270 19 4594 5469 1 
266 46 2771 4884 2 
230 59 2922 4940 2 
300 58 2057 3543 0 
372 55 3890 5425 0 
378 55 2694 4097 0 
246 56 2771 4975 0 
345 57 2453 5212 0 
304 66 887 3244 0 
218 46 1096 3820 0 
238 48 2446 3646 0 
283 47 1297 3355 0 
233 56 3262 5462 0 
338 56 2167 3334 0 
326 83 1353 4186 0 
290 57 2400 4735 0 
273 98 3894 5220 0 
360 66 1020 5355 0 
394 60 1376 4738 0 
324 85 1088 4738 0 
228 53 700 3693 0 
403 56 3082 4331 0 
241 54 1181 3590 0 
249 52 1946 3084 0 
239 57 2049 4140 0 
298 15 1525 3476 0 
369 60 2573 4476 0 
