652 24 3979 7372 1 
622 59 4984 7436 1 
547 63 1630 6472 1 
546 69 3383 6980 2 
518 52 3538 7774 2 
586 65 5631 7880 1 
657 62 1310 7728 0 
695 72 7754 10161 0 
551 76 3102 6924 0 
506 91 5907 8876 0 
642 46 1386 7140 0 
670 89 4944 6165 0 
549 65 5142 8250 0 
550 68 4933 7804 0 
602 69 3834 7227 0 
660 67 2258 6720 0 
666 80 2254 6472 0 
590 66 5358 6620 0 
543 73 3153 7088 0 
595 67 3105 7896 0 
613 62 1474 8640 0 
675 72 4244 8219 0 
651 68 1559 7058 0 
648 58 5124 8736 0 
645 85 3737 7240 0 
527 66 5606 8112 0 
634 70 5483 8529 0 
544 69 3193 8583 0 
696 70 2643 7846 0 
528 103 3644 6712 0 
752 69 5135 7829 1 
712 73 4038 6821 1 
737 54 5078 7712 1 
818 54 1630 7576 1 
791 71 7115 9332 2 
857 65 7066 9782 2 
721 78 5711 7360 0 
744 70 5679 6840 0 
906 77 2279 8350 0 
833 57 5486 6760 0 
760 67 5141 9320 0 
839 23 1802 6928 0 
805 77 2180 5776 0 
876 69 4025 7292 0 
864 68 2164 6624 0 
829 68 3589 6076 0 
901 71 5682 8064 0 
821 76 1512 7934 0 
807 68 4600 6496 0 
890 68 2024 6932 0 
777 46 2402 7840 0 
781 62 1596 8369 0 
747 65 3320 7100 0 
863 69 3229 8357 0 
767 70 5943 8320 0 
887 74 7009 8837 0 
889 98 5399 7508 0 
735 64 5295 8500 0 
794 72 4521 6128 0 
843 79 5599 6522 0 
661 60 3796 7375 0 
558 86 6453 8080 1 
668 65 5679 7532 1 
679 69 3870 8408 1 
560 67 3632 7560 2 
665 75 4861 6642 2 
582 79 4992 7972 1 
559 66 2912 6791 0 
606 189 7112 8493 0 
623 79 1190 5716 0 
576 36 5315 7688 0 
656 72 6945 8928 0 
647 53 4888 8528 0 
682 70 4230 7772 0 
680 114 5394 9914 0 
585 58 6654 7862 0 
701 75 5171 9380 0 
697 65 3523 7812 0 
633 71 6184 6952 0 
593 69 5666 8164 0 
600 52 2825 7252 0 
517 86 4518 8200 0 
631 79 6775 7988 0 
565 67 3998 7409 0 
625 79 2271 7800 0 
688 75 2867 7164 0 
583 51 5836 6656 0 
523 66 1896 6352 0 
676 65 5080 7304 0 
552 79 3140 8938 0 
837 70 4257 6176 1 
786 86 4781 8142 2 
871 85 5884 9120 2 
841 69 1793 6991 2 
784 84 4342 8136 1 
793 86 6906 8188 1 
854 68 5538 8256 0 
880 67 5075 7386 0 
892 63 3183 7524 0 
796 73 4292 6464 0 
768 68 2636 5668 0 
765 67 4451 7832 0 
763 98 6330 8764 0 
789 65 2483 8124 0 
748 85 5680 7583 0 
753 50 5453 8231 0 
904 68 2145 8080 0 
905 70 5444 8671 0 
727 47 4823 6731 0 
836 74 2977 6687 0 
743 60 4979 6996 0 
771 175 6622 7761 0 
835 87 1872 5937 0 
803 67 3547 5809 0 
898 71 1851 9558 0 
708 92 5559 8940 0 
787 69 4595 7912 0 
902 73 4286 7868 0 
822 16 1095 6643 0 
725 70 6050 9148 0 
