035 75 2161 4437 1 
064 56 1942 3889 1 
038 54 1652 4174 2 
091 45 3196 4108 2 
105 67 3143 3993 1 
096 46 2834 4772 2 
013 74 2854 5624 0 
149 57 2035 4266 0 
185 49 1107 4159 0 
057 56 1738 4076 0 
144 59 2765 3867 0 
066 57 1548 4166 0 
178 92 2603 4269 0 
138 56 730 4140 0 
054 61 2631 4117 0 
189 56 2961 5613 0 
056 60 1861 5132 0 
078 48 2603 3615 0 
015 76 1615 4107 0  
193 26 623 5309 0 
153 60 1912 4026 0 
009 56 2396 4490 0 
199 58 1930 4204 0 
191 59 2198 3753 0 
140 57 1406 4084 0  
024 105 1755 4015 0 
029 62 1860 4597 0 
042 58 2179 4211 0 
080 56 1027 3130 0 
041 66 1542 3924 0 
232 58 2223 4316 2 
316 58 750 4330 1 
379 56 2082 5139 1 
270 19 4594 5469 1 
266 46 2771 4884 2 
230 59 2922 4940 2 
300 58 2057 3543 0 
372 55 3890 5425 0 
378 55 2694 4097 0 
246 56 2771 4975 0 
345 57 2453 5212 0 
304 66 887 3244 0 
218 46 1096 3820 0 
238 48 2446 3646 0 
283 47 1297 3355 0 
233 56 3262 5462 0 
338 56 2167 3334 0 
326 83 1353 4186 0 
290 57 2400 4735 0 
273 98 3894 5220 0 
360 66 1020 5355 0 
394 60 1376 4738 0 
324 85 1088 4738 0 
228 53 700 3693 0 
403 56 3082 4331 0 
241 54 1181 3590 0 
249 52 1946 3084 0 
239 57 2049 4140 0 
298 15 1525 3476 0 
369 60 2573 4476 0 
016 63 3094 4763 2 
150 66 877 3876 2 
061 56 2897 3887 1 
163 65 2036 3642 1 
154 18 885 4862 1 
172 13 1287 4522 2 
068 60 2791 5004 0 
194 57 1647 4836 0 
074 53 1921 5213 0 
071 53 1780 3511 0 
167 27 935 3814 0 
094 58 1046 4532 0 
111 52 2226 3481 0 
116 56 2405 4524 0 
002 49 783 4622 0 
171 57 658 3519 0 
077 56 2157 3812 0 
092 52 1009 3756 0 
025 89 2037 3824 0 
062 61 2331 4289 0 
039 74 2728 4867 0 
081 67 2784 4722 0 
004 55 1681 3888 0 
030 84 1558 5462 0 
110 49 1390 3935 0 
183 11 931 4140 0 
031 53 1039 4118 0 
135 65 788 3919 0 
001 57 2142 4915 0 
005 134 2577 4275 0 
288 53 2620 5122 2 
250 47 2011 3785 1 
275 54 3190 4140 1 
229 56 1329 3139 2 
355 50 3199 4780 1 
382 100 822 4496 2 
367 49 3603 5225 0 
285 58 1222 3610 0 
365 56 658 4300 0 
358 499 756 5881 0 
256 39 2726 4668 0 
359 58 1485 3702 0 
383 55 3566 4782 0 
386 46 1601 3094 0 
210 48 1838 3932 0 
274 66 3333 4941 0 
276 46 3380 4886 0 
393 49 2112 3953 0 
391 59 1697 5733 0 
346 59 2575 4284 0 
240 23 1679 2914 0 
207 53 2409 3981 0 
328 19 1637 4283 0 
245 98 2333 3650 0 
374 50 758 4243 0 
327 16 1501 3868 0 
388 56 3274 4420 0 
306 55 1493 4425 0 
325 55 1344 2847 0 
217 55 2819 4052 0 
