661 60 3796 7375 0 
558 86 6453 8080 1 
668 65 5679 7532 1 
679 69 3870 8408 1 
560 67 3632 7560 2 
665 75 4861 6642 2 
582 79 4992 7972 1 
559 66 2912 6791 0 
606 189 7112 8493 0 
623 79 1190 5716 0 
576 36 5315 7688 0 
656 72 6945 8928 0 
647 53 4888 8528 0 
682 70 4230 7772 0 
680 114 5394 9914 0 
585 58 6654 7862 0 
701 75 5171 9380 0 
697 65 3523 7812 0 
633 71 6184 6952 0 
593 69 5666 8164 0 
600 52 2825 7252 0 
517 86 4518 8200 0 
631 79 6775 7988 0 
565 67 3998 7409 0 
625 79 2271 7800 0 
688 75 2867 7164 0 
583 51 5836 6656 0 
523 66 1896 6352 0 
676 65 5080 7304 0 
552 79 3140 8938 0 
837 70 4257 6176 1 
786 86 4781 8142 2 
871 85 5884 9120 2 
841 69 1793 6991 2 
784 84 4342 8136 1 
793 86 6906 8188 1 
854 68 5538 8256 0 
880 67 5075 7386 0 
892 63 3183 7524 0 
796 73 4292 6464 0 
768 68 2636 5668 0 
765 67 4451 7832 0 
763 98 6330 8764 0 
789 65 2483 8124 0 
748 85 5680 7583 0 
753 50 5453 8231 0 
904 68 2145 8080 0 
905 70 5444 8671 0 
727 47 4823 6731 0 
836 74 2977 6687 0 
743 60 4979 6996 0 
771 175 6622 7761 0 
835 87 1872 5937 0 
803 67 3547 5809 0 
898 71 1851 9558 0 
708 92 5559 8940 0 
787 69 4595 7912 0 
902 73 4286 7868 0 
822 16 1095 6643 0 
725 70 6050 9148 0 
512 72 2795 7656 1 
628 56 5365 6868 1 
692 60 1856 8650 2 
575 55 5694 9080 2 
570 62 2294 9440 2 
567 40 2884 6504 1 
598 68 6259 7564 0 
609 77 2470 7740 0 
569 65 5164 5672 0 
703 59 6018 8948 0 
521 70 5368 7956 0 
698 66 2715 7288 0 
704 73 3636 8066 0 
537 78 4358 8232 0 
510 57 2585 7968 0 
579 59 4059 6720 0 
588 65 3470 10045 0 
686 69 5468 8090 0 
630 43 3965 8245 0 
624 75 5385 7112 0 
619 60 1359 7976 0 
702 66 5547 7708 0 
658 20 1490 7316 0 
536 67 5854 8454 0 
533 66 4484 6968 0 
690 73 1659 7759 0 
548 64 3392 7544 0 
563 79 3779 6608 0 
662 63 1441 8097 0 
684 55 2763 7100 0 
713 50 3317 6124 2 
815 74 4298 8552 2 
842 69 4535 7329 1 
736 70 5873 7773 1 
819 96 2161 6916 1 
797 70 3954 6948 0 
817 59 3396 6568 0 
780 70 3555 8820 0 
868 29 3928 8492 0 
847 52 7269 10668 0 
866 70 5182 8461 0 
852 75 6017 8308 0 
779 89 1999 8415 0 
706 67 2458 6309 0 
762 85 1561 7583 0 
850 53 7015 9236 0 
802 73 4215 6606 0 
795 65 4657 6976 0 
726 69 3031 5936 0 
885 64 4496 7496 0 
761 155 3860 8048 0 
714 70 4369 7576 0 
899 89 7698 9477 0 
792 58 5755 7354 0 
861 67 5430 8336 0 
813 68 5050 6893 0 
844 76 6659 9842 0 
764 77 3447 6821 0 
751 75 1236 7046 0 
810 64 3393 7312 0 
