012 105 1372 4567 1 
128 48 2672 3559 1 
192 61 1340 4604 2 
075 60 2978 5802 2 
070 6 1240 5565 2 
067 72 1565 4199 1 
098 58 2584 4077 0 
109 7 1204 3752 0 
069 64 2197 3175 0 
203 57 3196 4741 0 
021 74 2732 4595 0 
198 42 1621 3988 0 
204 70 1408 4047 0 
037 63 2508 4567 0 
010 65 1312 4138 0 
079 65 2205 4281 0 
088 56 1429 4254 0 
186 46 2878 3967 0 
130 59 1996 4474 0 
124 58 2674 3827 0 
119 64 1086 4204 0 
202 58 2321 3644 0 
158 47 695 4170 0 
036 61 3014 4455 0 
033 58 1699 3798 0 
190 59 871 4237 0 
048 60 1574 4122 0 
063 63 1789 3946 0 
162 10 583 3796 0 
184 59 1626 4139 0 
213 58 1600 3178 2 
315 15 2093 4992 2 
342 56 2276 3845 1 
236 58 3026 4028 1 
319 32 907 3585 1 
297 53 2181 4472 0 
317 66 1411 3324 0 
280 62 1535 4252 0 
368 56 2197 4613 0 
347 71 4072 5988 0 
366 57 2412 4331 0 
352 53 2318 3863 0 
279 55 1251 5021 0 
206 77 1003 3683 0 
262 14 872 3892 0 
350 21 3306 5124 0 
302 64 2066 3524 0 
295 50 2182 3734 0 
226 53 1224 2914 0 
385 59 2149 4601 0 
261 54 1858 4306 0 
214 124 1949 4358 0 
399 52 3810 5366 0 
292 58 2910 4518 0 
361 55 3148 4916 0 
313 58 2934 4193 0 
344 54 3377 5967 0 
264 66 1270 3307 0 
251 43 948 3797 0 
310 63 1122 3604 0 
