516 73 5484 9112 2 
650 82 2280 7552 2 
561 64 5588 7308 1 
663 88 3380 6048 1 
654 335 1412 9612 1 
672 69 1846 7544 2 
568 34 4523 8932 0 
694 57 2571 8256 0 
574 67 2675 8264 0 
571 70 4677 7012 0 
667 87 1792 6444 0 
594 59 2032 8436 0 
611 57 5541 6304 0 
616 69 5168 7560 0 
502 68 1966 7788 0 
671 69 2350 6744 0 
577 62 5513 8180 0 
592 70 1895 7672 0 
525 69 4665 7056 0 
562 70 5354 8568 0 
539 92 5350 8104 0 
581 73 5704 7728 0 
504 67 2801 7324 0 
530 78 3684 8364 0 
610 30 2848 7736 0 
683 77 1407 7020 0 
531 64 6070 7356 0 
635 69 2289 6792 0 
501 58 4231 7948 0 
505 64 5540 7608 0 
788 68 4228 8308 2 
750 69 4549 6216 1 
775 103 7075 8146 1 
729 77 3555 6256 2 
855 78 5838 8964 1 
882 22 1737 7851 0 
867 69 7544 10012 0 
785 64 3541 7152 0 
865 56 1717 8038 0 
858 78 1562 9866 0 
756 75 5461 9084 0 
859 20 2874 6729 0 
883 67 7256 9604 0 
886 69 4298 6273 0 
710 70 4095 7484 0 
774 79 6017 8799 0 
776 59 6739 8817 0 
893 58 3938 6672 0 
891 60 3973 9604 0 
846 72 5867 8368 0 
740 75 3150 5660 0 
707 68 4681 6936 0 
828 99 3144 7734 0 
745 67 4437 6376 0 
874 54 1407 8088 0 
827 91 2786 7495 0 
888 109 6150 8261 0 
806 159 2291 7695 0 
825 77 2581 5581 0 
717 68 4959 7271 0 
