535 68 4467 7192 1 
564 65 3351 7544 1 
538 63 2974 7587 2 
591 69 6258 7366 2 
605 72 6175 7204 1 
596 68 5015 8491 2 
513 51 5552 10045 0 
649 66 3911 7132 0 
685 66 2197 7752 0 
557 66 3869 6624 0 
644 74 6167 7300 0 
566 156 3695 6744 0 
678 65 5575 7920 0 
638 66 1204 6812 0 
554 76 6000 7720 0 
689 69 4763 8812 0 
556 66 3611 8716 0 
578 51 5594 6732 0 
515 47 3449 7683 0 
693 65 1953 8580 0 
653 66 2760 6971 0 
509 67 4384 7716 0 
699 94 4127 7748 0 
691 85 4959 7568 0 
640 115 3507 7064 0 
524 94 3520 7308 0 
529 54 2947 8144 0 
542 63 3955 7856 0 
580 77 2973 6128 0 
541 67 3300 6932 0 
732 71 4581 7428 2 
816 67 1990 7522 1 
879 71 4615 10156 1 
770 84 6917 8604 1 
766 69 4831 9480 2 
730 61 5775 9316 2 
800 77 2699 5534 0 
872 63 8023 9900 0 
878 55 6411 8860 0 
746 61 5318 8716 0 
845 79 4953 9536 0 
804 70 2041 6136 0 
718 71 1798 7132 0 
738 72 4500 6908 0 
783 74 2152 6297 0 
733 69 6197 9136 0 
838 50 4349 5668 0 
826 150 2682 7368 0 
790 36 4112 7756 0 
773 149 7412 10064 0 
860 63 1384 8283 0 
894 65 3174 7640 0 
824 66 1968 8027 0 
728 65 3285 6517 0 
903 71 6549 8257 0 
741 58 2458 6509 0 
749 159 5194 6263 0 
739 45 4386 7337 0 
798 83 2669 6836 0 
869 66 6404 9012 0 
