161 50 1054 4640 0 
058 55 3222 5203 1 
168 14 3250 4415 1 
179 75 2107 4584 1 
060 54 1882 4661 2 
165 96 2952 4358 2 
082 54 2525 4362 2 
059 59 1791 4036 0 
106 67 2851 4183 0 
123 59 616 3241 0 
076 38 2286 3963 0 
156 49 3555 4771 0 
147 33 2769 5061 0 
182 58 2243 4252 0 
180 57 2427 4667 0 
085 58 3389 4215 0 
201 19 2662 5001 0 
197 58 1549 3870 0 
133 62 2463 3654 0 
093 6 2560 4094 0 
100 58 1306 4217 0 
017 63 2348 4567 0 
131 59 3457 4944 0 
065 50 2408 4547 0 
125 55 994 4414 0 
188 64 1542 4276 0 
083 48 2292 3508 0 
023 70 882 3780 0 
176 67 2845 4645 0 
052 58 1789 5302 0 
337 54 2104 3445 1 
286 55 2951 5111 2 
371 94 3056 4758 2 
341 66 1203 3877 2 
284 49 2059 4510 1 
293 56 3522 4831 1 
354 94 3021 4447 0 
380 31 2415 3912 0 
392 100 1960 4035 0 
296 59 2521 3884 0 
268 68 1261 2860 0 
265 49 2342 4083 0 
263 29 3134 4764 0 
289 45 1213 4460 0 
248 26 2986 3936 0 
253 55 2792 4492 0 
404 38 895 4134 0 
405 58 3664 5472 0 
227 58 2122 3588 0 
336 70 1250 3764 0 
243 57 2434 3716 0 
271 59 2844 4273 0 
335 57 813 3058 0 
303 54 1789 3216 0 
398 60 1147 5406 0 
208 19 3115 4971 0 
287 56 2800 4401 0 
402 56 1438 4368 0 
322 54 578 3682 0 
225 28 3097 5094 0 
