503 59 3456 6408 1 
632 65 1339 7348 1 
540 68 3533 6552 2 
677 67 2678 6808 2 
674 68 1063 6813 2 
659 67 4718 7856 1 
508 66 7086 8240 0 
514 66 3508 8584 0 
615 87 2077 7128 0 
589 80 1915 7115 0 
636 160 5432 7173 0 
553 78 3900 7853 0 
620 39 2461 6848 0 
627 64 6638 8000 0 
597 107 3884 7710 0 
673 69 1376 8309 0 
614 62 1716 7420 0 
700 73 3937 7672 0 
532 86 3575 8902 0 
608 54 5964 8176 0 
629 76 1200 6912 0 
522 65 5506 8400 0 
681 90 5954 7212 0 
621 65 2775 7694 0 
617 70 3912 7196 0 
599 68 4062 6664 0 
618 83 1681 8336 0 
643 45 2320 8768 0 
507 58 3339 8316 0 
637 125 1359 7154 0 
851 60 7015 8624 2 
799 71 1938 7392 2 
769 75 5648 7600 1 
848 31 6733 9422 1 
772 69 6309 8501 1 
870 62 3505 8168 2 
897 67 3850 7064 0 
723 61 2650 7232 0 
759 47 6075 8208 0 
908 61 4824 7717 0 
755 65 1791 6824 0 
853 69 1166 9268 0 
834 70 1450 6068 0 
831 68 6400 8228 0 
754 70 5433 7388 0 
742 68 7531 11152 0 
814 60 2880 7176 0 
907 71 3278 7136 0 
830 72 3234 8573 0 
782 67 1134 7432 0 
778 152 3191 7529 0 
724 73 2083 6344 0 
720 66 2424 7372 0 
884 72 8455 10423 0 
823 76 3720 6128 0 
896 74 6315 8740 0 
722 66 4051 6716 0 
856 53 6588 8776 0 
820 66 5147 6960 0 
758 71 3320 9016 0 
