152 75 1936 4336 1 
122 61 1968 4283 1 
047 55 1009 3972 1 
046 88 1453 3903 2 
018 58 2085 5006 2 
086 53 3004 4667 2 
157 57 681 4655 0 
195 91 3791 5740 0 
051 58 1727 4221 0 
006 99 3085 5082 0 
142 67 588 4155 0 
170 57 2479 3329 0 
049 55 2553 4607 0 
050 7 2393 4484 0 
102 50 1506 3422 0 
160 48 751 3684 0 
166 57 541 3363 0 
090 55 2576 3510 0 
043 62 1290 4159 0 
095 39 1385 4996 0 
113 52 893 4148 0 
175 58 1827 4828 0 
151 56 779 4208 0 
148 58 2835 5142 0 
145 49 1893 4120 0 
027 61 3306 4663 0 
134 66 2376 4536 0 
044 55 2135 5093 0 
196 84 1503 5055 0 
028 59 2072 4109 0 
252 53 2409 4176 1 
212 39 1599 4141 2 
237 46 2892 4500 2 
318 57 707 4220 1 
291 58 3743 5102 2 
357 55 3628 5196 2 
221 49 3012 4457 0 
244 58 2503 3843 0 
406 61 844 4955 0 
333 75 2466 3813 0 
260 58 2312 4595 0 
339 24 689 3985 0 
305 40 786 3364 0 
376 58 2355 4082 0 
364 55 599 3299 0 
329 15 1613 3658 0 
401 55 2564 4022 0 
321 65 1099 4604 0 
307 68 2307 3684 0 
390 37 720 3826 0 
277 61 1042 4620 0 
281 90 1365 5126 0 
247 58 1656 4231 0 
363 57 1706 3977 0 
267 39 2974 4462 0 
387 55 3490 5153 0 
389 59 2935 4948 0 
235 60 2541 4324 0 
294 49 2039 3526 0 
343 49 2560 3752 0 
