016 63 3094 4763 2 
150 66 877 3876 2 
061 56 2897 3887 1 
163 65 2036 3642 1 
154 18 885 4862 1 
172 13 1287 4522 2 
068 60 2791 5004 0 
194 57 1647 4836 0 
074 53 1921 5213 0 
071 53 1780 3511 0 
167 27 935 3814 0 
094 58 1046 4532 0 
111 52 2226 3481 0 
116 56 2405 4524 0 
002 49 783 4622 0 
171 57 658 3519 0 
077 56 2157 3812 0 
092 52 1009 3756 0 
025 89 2037 3824 0 
062 61 2331 4289 0 
039 74 2728 4867 0 
081 67 2784 4722 0 
004 55 1681 3888 0 
030 84 1558 5462 0 
110 49 1390 3935 0 
183 11 931 4140 0 
031 53 1039 4118 0 
135 65 788 3919 0 
001 57 2142 4915 0 
005 134 2577 4275 0 
288 53 2620 5122 2 
250 47 2011 3785 1 
275 54 3190 4140 1 
229 56 1329 3139 2 
355 50 3199 4780 1 
382 100 822 4496 2 
367 49 3603 5225 0 
285 58 1222 3610 0 
365 56 658 4300 0 
358 499 756 5881 0 
256 39 2726 4668 0 
359 58 1485 3702 0 
383 55 3566 4782 0 
386 46 1601 3094 0 
210 48 1838 3932 0 
274 66 3333 4941 0 
276 46 3380 4886 0 
393 49 2112 3953 0 
391 59 1697 5733 0 
346 59 2575 4284 0 
240 23 1679 2914 0 
207 53 2409 3981 0 
328 19 1637 4283 0 
245 98 2333 3650 0 
374 50 758 4243 0 
327 16 1501 3868 0 
388 56 3274 4420 0 
306 55 1493 4425 0 
325 55 1344 2847 0 
217 55 2819 4052 0 
