512 72 2795 7656 1 
628 56 5365 6868 1 
692 60 1856 8650 2 
575 55 5694 9080 2 
570 62 2294 9440 2 
567 40 2884 6504 1 
598 68 6259 7564 0 
609 77 2470 7740 0 
569 65 5164 5672 0 
703 59 6018 8948 0 
521 70 5368 7956 0 
698 66 2715 7288 0 
704 73 3636 8066 0 
537 78 4358 8232 0 
510 57 2585 7968 0 
579 59 4059 6720 0 
588 65 3470 10045 0 
686 69 5468 8090 0 
630 43 3965 8245 0 
624 75 5385 7112 0 
619 60 1359 7976 0 
702 66 5547 7708 0 
658 20 1490 7316 0 
536 67 5854 8454 0 
533 66 4484 6968 0 
690 73 1659 7759 0 
548 64 3392 7544 0 
563 79 3779 6608 0 
662 63 1441 8097 0 
684 55 2763 7100 0 
713 50 3317 6124 2 
815 74 4298 8552 2 
842 69 4535 7329 1 
736 70 5873 7773 1 
819 96 2161 6916 1 
797 70 3954 6948 0 
817 59 3396 6568 0 
780 70 3555 8820 0 
868 29 3928 8492 0 
847 52 7269 10668 0 
866 70 5182 8461 0 
852 75 6017 8308 0 
779 89 1999 8415 0 
706 67 2458 6309 0 
762 85 1561 7583 0 
850 53 7015 9236 0 
802 73 4215 6606 0 
795 65 4657 6976 0 
726 69 3031 5936 0 
885 64 4496 7496 0 
761 155 3860 8048 0 
714 70 4369 7576 0 
899 89 7698 9477 0 
792 58 5755 7354 0 
861 67 5430 8336 0 
813 68 5050 6893 0 
844 76 6659 9842 0 
764 77 3447 6821 0 
751 75 1236 7046 0 
810 64 3393 7312 0 
