035 75 2161 4437 1 
064 56 1942 3889 1 
038 54 1652 4174 2 
091 45 3196 4108 2 
105 67 3143 3993 1 
096 46 2834 4772 2 
013 74 2854 5624 0 
149 57 2035 4266 0 
185 49 1107 4159 0 
057 56 1738 4076 0 
144 59 2765 3867 0 
066 57 1548 4166 0 
178 92 2603 4269 0 
138 56 730 4140 0 
054 61 2631 4117 0 
189 56 2961 5613 0 
056 60 1861 5132 0 
078 48 2603 3615 0 
015 76 1615 4107 0 
193 26 623 5309 0 
153 60 1912 4026 0 
009 56 2396 4490 0 
199 58 1930 4204 0 
191 59 2198 3753 0 
140 57 1406 4084 0 
024 105 1755 4015 0 
029 62 1860 4597 0 
042 58 2179 4211 0 
080 56 1027 3130 0 
041 66 1542 3924 0 
232 58 2223 4316 2 
316 58 750 4330 1 
379 56 2082 5139 1 
270 19 4594 5469 1 
266 46 2771 4884 2 
230 59 2922 4940 2 
300 58 2057 3543 0 
372 55 3890 5425 0 
378 55 2694 4097 0 
246 56 2771 4975 0 
345 57 2453 5212 0 
304 66 887 3244 0 
218 46 1096 3820 0 
238 48 2446 3646 0 
283 47 1297 3355 0 
233 56 3262 5462 0 
338 56 2167 3334 0 
326 83 1353 4186 0 
290 57 2400 4735 0 
273 98 3894 5220 0 
360 66 1020 5355 0 
394 60 1376 4738 0 
324 85 1088 4738 0 
228 53 700 3693 0 
403 56 3082 4331 0 
241 54 1181 3590 0 
249 52 1946 3084 0 
239 57 2049 4140 0 
298 15 1525 3476 0 
369 60 2573 4476 0 
