661 60 3796 7375 0 
558 86 6453 8080 1 
668 65 5679 7532 1 
679 69 3870 8408 1 
560 67 3632 7560 2 
665 75 4861 6642 2 
582 79 4992 7972 1 
559 66 2912 6791 0 
606 189 7112 8493 0 
623 79 1190 5716 0 
576 36 5315 7688 0 
656 72 6945 8928 0 
647 53 4888 8528 0 
682 70 4230 7772 0 
680 114 5394 9914 0 
585 58 6654 7862 0 
701 75 5171 9380 0 
697 65 3523 7812 0 
633 71 6184 6952 0 
593 69 5666 8164 0 
600 52 2825 7252 0 
517 86 4518 8200 0 
631 79 6775 7988 0 
565 67 3998 7409 0 
625 79 2271 7800 0 
688 75 2867 7164 0 
583 51 5836 6656 0 
523 66 1896 6352 0 
676 65 5080 7304 0 
552 79 3140 8938 0 
837 70 4257 6176 1 
786 86 4781 8142 2 
871 85 5884 9120 2 
841 69 1793 6991 2 
784 84 4342 8136 1 
793 86 6906 8188 1 
854 68 5538 8256 0 
880 67 5075 7386 0 
892 63 3183 7524 0 
796 73 4292 6464 0 
768 68 2636 5668 0 
765 67 4451 7832 0 
763 98 6330 8764 0 
789 65 2483 8124 0 
748 85 5680 7583 0 
753 50 5453 8231 0 
904 68 2145 8080 0 
905 70 5444 8671 0 
727 47 4823 6731 0 
836 74 2977 6687 0 
743 60 4979 6996 0 
771 175 6622 7761 0 
835 87 1872 5937 0 
803 67 3547 5809 0 
898 71 1851 9558 0 
708 92 5559 8940 0 
787 69 4595 7912 0 
902 73 4286 7868 0 
822 16 1095 6643 0 
725 70 6050 9148 0 
