003 61 1466 3594 1 
132 57 700 4128 1 
040 51 1597 3826 2 
177 57 1000 3284 2 
174 55 745 3269 2 
159 66 2389 3828 1 
008 66 3778 4870 0 
014 75 1565 4331 0 
115 56 1151 4021 0 
089 59 1259 3740 0 
136 62 2459 4367 0 
053 59 1577 4889 0 
120 58 1273 3977 0 
127 63 3165 4094 0 
097 58 2241 5032 0 
173 57 850 4574 0 
114 12 984 4092 0 
200 56 2305 4562 0 
032 61 1771 4636 0 
108 45 3368 4535 0 
129 15 621 3548 0 
022 59 2970 5273 0 
181 13 2364 3482 0 
121 54 1517 4886 0 
117 59 1923 4047 0 
099 48 1705 4036 0 
118 59 1000 4827 0 
143 27 1541 5132 0 
007 79 1627 4937 0 
137 9 599 3792 0 
351 24 2830 4532 2 
299 56 783 3692 2 
269 143 2965 4312 1 
348 66 3568 4993 1 
272 153 2773 4040 1 
370 22 2683 5218 2 
397 66 1570 3651 0 
223 54 685 3988 0 
259 68 2573 3836 0 
408 48 2362 4097 0 
255 59 1113 3969 0 
353 70 800 4921 0 
334 57 809 3422 0 
331 55 3232 4488 0 
254 69 3098 4510 0 
242 53 4228 5930 0 
314 62 1055 4044 0 
407 64 927 4577 0 
330 60 2186 4307 0 
282 57 1010 4180 0 
278 19 1705 4377 0 
224 16 687 3135 0 
220 26 1124 3580 0 
384 56 3911 5453 0 
323 62 1530 2884 0 
396 58 2952 4172 0 
222 20 1718 3988 0 
356 102 3306 4657 0 
320 52 2111 4081 0 
258 76 1377 4743 0 
