652 24 3979 7372 1 
622 59 4984 7436 1 
547 63 1630 6472 1 
546 69 3383 6980 2 
518 52 3538 7774 2 
586 65 5631 7880 1 
657 62 1310 7728 0 
695 72 7754 10161 0 
551 76 3102 6924 0 
506 91 5907 8876 0 
642 46 1386 7140 0 
670 89 4944 6165 0 
549 65 5142 8250 0 
550 68 4933 7804 0 
602 69 3834 7227 0 
660 67 2258 6720 0 
666 80 2254 6472 0 
590 66 5358 6620 0 
543 73 3153 7088 0 
595 67 3105 7896 0 
613 62 1474 8640 0 
675 72 4244 8219 0 
651 68 1559 7058 0 
648 58 5124 8736 0 
645 85 3737 7240 0 
527 66 5606 8112 0 
634 70 5483 8529 0 
544 69 3193 8583 0 
696 70 2643 7846 0 
528 103 3644 6712 0 
752 69 5135 7829 1 
712 73 4038 6821 1 
737 54 5078 7712 1 
818 54 1630 7576 1 
791 71 7115 9332 2 
857 65 7066 9782 2 
721 78 5711 7360 0 
744 70 5679 6840 0 
906 77 2279 8350 0 
833 57 5486 6760 0 
760 67 5141 9320 0 
839 23 1802 6928 0 
805 77 2180 5776 0 
876 69 4025 7292 0 
864 68 2164 6624 0 
829 68 3589 6076 0 
901 71 5682 8064 0 
821 76 1512 7934 0 
807 68 4600 6496 0 
890 68 2024 6932 0 
777 46 2402 7840 0 
781 62 1596 8369 0 
747 65 3320 7100 0 
863 69 3229 8357 0 
767 70 5943 8320 0 
887 74 7009 8837 0 
889 98 5399 7508 0 
735 64 5295 8500 0 
794 72 4521 6128 0 
843 79 5599 6522 0 
